94 180
94 320
156 235
180 94
235 156
320 94
352 525
409 525
483 1332
525 352
525 409
525 548
548 525
594 3989
611 625
620 672
625 611
625 684
628 632
632 628
672 620
684 625
687 697
697 687
697 705
697 727
697 815
697 820
705 697
708 713
713 708
713 722
713 736
713 748
713 816
722 713
727 697
736 713
748 713
815 697
816 713
820 697
932 1447
932 1775
936 1300
936 1506
944 1738
1008 1674
1036 1872
1037 1070
1040 1864
1070 1037
1070 1306
1117 1864
1123 1501
1139 1170
1141 1703
1170 1139
1214 1722
1300 936
1305 1509
1306 1070
1332 483
1332 1625
1332 1882
1385 1770
1447 932
1451 1495
1458 1817
1470 1483
1471 1614
1483 1470
1494 1511
1495 1451
1501 1123
1506 936
1509 1305
1509 1604
1511 1494
1531 1543
1534 1701
1538 1821
1543 1531
1604 1509
1614 1471
1614 1768
1618 1836
1625 1332
1674 1008
1701 1534
1703 1141
1722 1214
1724 1867
1738 944
1743 1831
1768 1614
1770 1385
1775 932
1817 1458
1821 1538
1831 1743
1836 1618
1864 1040
1864 1117
1867 1724
1872 1036
1882 1332
1919 1958
1919 1973
1919 2011
1933 2126
1933 2360
1937 2412
1955 2268
1958 1919
1959 2153
1959 2243
1973 1919
2008 2412
2011 1919
2050 2447
2076 2444
2094 2167
2116 2447
2121 2521
2126 1933
2135 2496
2138 2292
2151 2436
2153 1959
2162 2371
2167 2094
2176 2235
2188 2556
2203 2544
2206 2521
2209 2637
2220 2590
2235 2176
2235 2304
2237 2404
2243 1959
2263 2528
2266 2556
2268 1955
2268 2384
2286 2371
2292 2138
2292 2465
2304 2235
2320 2515
2322 2371
2343 2436
2360 1933
2371 2162
2371 2286
2371 2322
2384 2268
2404 2237
2412 1937
2412 2008
2412 2587
2436 2151
2436 2343
2444 2076
2447 2050
2447 2116
2454 2545
2465 2292
2473 2566
2478 2556
2496 2135
2515 2320
2521 2121
2521 2206
2528 2263
2532 2590
2544 2203
2545 2454
2556 2188
2556 2266
2556 2478
2566 2473
2587 2412
2590 2220
2590 2532
2616 2629
2629 2616
2637 2209
2662 3192
2672 2781
2683 2867
2690 3018
2726 3045
2781 2672
2781 3076
2781 3326
2784 3214
2795 3048
2795 3148
2798 3303
2860 3019
2867 2683
2867 2974
2878 3214
2898 3214
2906 3303
2944 3303
2961 3303
2973 3299
2974 2867
3018 2690
3019 2860
3019 3346
3033 3390
3045 2726
3048 2795
3076 2781
3107 3186
3109 3415
3148 2795
3186 3107
3192 2662
3214 2784
3214 2878
3214 2898
3299 2973
3303 2798
3303 2906
3303 2944
3303 2961
3303 3426
3326 2781
3346 3019
3390 3033
3415 3109
3426 3303
3437 3441
3437 3451
3437 3453
3437 3457
3437 3458
3437 3469
3437 3472
3437 3477
3437 3482
3437 3502
3437 3537
3437 3560
3437 3570
3437 3589
3437 3624
3437 3650
3437 3653
3437 3657
3437 3661
3437 3671
3437 3676
3437 3679
3437 3686
3437 3695
3437 3704
3437 3709
3437 3723
3437 3726
3437 3729
3437 3732
3437 3742
3437 3746
3437 3748
3437 3765
3437 3771
3437 3772
3437 3779
3437 3798
3437 3820
3437 3823
3437 3834
3437 3844
3437 3846
3437 3853
3437 3856
3437 3862
3437 3863
3437 3879
3437 3885
3437 3887
3437 3889
3437 3895
3437 3896
3437 3901
3437 3908
3437 3909
3437 3922
3437 3928
3437 3935
3437 3939
3437 3952
3437 3957
3437 3958
3437 3959
3437 3965
3437 3970
3437 3974
3437 3979
3439 3616
3439 3799
3441 3437
3451 3437
3453 3437
3457 3437
3458 3437
3460 3782
3469 3437
3472 3437
3477 3437
3482 3437
3483 3617
3483 3754
3490 3549
3493 3593
3493 3792
3495 3944
3495 3948
3502 3437
3511 3515
3515 3511
3536 3727
3537 3437
3549 3490
3560 3437
3569 3714
3570 3437
3589 3437
3593 3493
3602 3761
3602 3770
3616 3439
3617 3483
3624 3437
3640 3832
3650 3437
3653 3437
3657 3437
3661 3437
3671 3437
3676 3437
3679 3437
3686 3437
3695 3437
3704 3437
3709 3437
3714 3569
3723 3437
3726 3437
3727 3536
3729 3437
3732 3437
3739 3743
3742 3437
3743 3739
3743 3871
3746 3437
3748 3437
3754 3483
3761 3602
3763 3782
3765 3437
3770 3602
3771 3437
3772 3437
3779 3437
3782 3460
3782 3763
3792 3493
3798 3437
3799 3439
3820 3437
3823 3437
3832 3640
3834 3437
3844 3437
3846 3437
3848 3918
3853 3437
3856 3437
3862 3437
3863 3437
3871 3743
3879 3437
3884 3968
3885 3437
3887 3437
3889 3437
3895 3437
3896 3437
3901 3437
3908 3437
3909 3437
3918 3848
3922 3437
3928 3437
3935 3437
3939 3437
3944 3495
3948 3495
3952 3437
3957 3437
3958 3437
3959 3437
3965 3437
3968 3884
3970 3437
3974 3437
3979 3437
3989 594
3989 4013
4013 3989
