2662 3192
795 842
3464 3443
3871 3743
3909 3437
2208 2384
812 694
3048 2795
3437 3879
3437 3974
1577 2176
2235 2176
3743 3739
2314 1975
2610 2038
3549 3446
828 770
1835 1195
705 761
2050 2447
1773 483
3437 3771
3565 3477
770 828
1694 517
1200 1202
1534 1687
3704 3437
3172 3076
3810 3896
3437 3844
3939 3437
1483 1470
1933 2360
2047 2066
1674 1008
3549 3490
2961 3303
3433 2683
3764 3464
517 409
3743 3871
3662 3441
2435 2346
828 807
3643 3711
376 587
3269 3400
1872 1569
3782 3460
3918 3759
365 556
2292 2138
1768 1879
2858 2898
3668 3738
2629 2616
2412 2008
3661 3437
3307 3018
2203 2544
3794 3969
2973 3299
2528 2431
2610 2182
1641 1817
694 754
3221 2801
3721 3609
2412 2587
3515 3511
1836 1769
1709 1815
807 828
3882 3792
1036 1872
1332 1882
3676 3437
440 456
1516 1198
740 770
180 196
3501 3651
2384 2268
3428 2663
3024 3328
1936 2562
2094 2167
697 815
1332 1625
795 751
3903 3631
1127 1709
1305 1835
3018 3307
3581 3594
3624 3949
1935 2284
2928 2985
1523 1863
3634 3474
1936 2193
3704 3891
3729 3437
594 4011
1268 517
3829 3555
2906 3303
1530 1365
27 54
1817 1641
2566 2473
3437 3453
2860 3019
1491 1365
2245 2094
786 782
1981 2075
3426 3090
3437 3723
3957 3437
3679 3580
2153 1959
2757 3286
673 414
1825 1174
2116 2447
2423 2309
1604 1509
1703 1141
1304 1785
3645 3443
3264 3255
3453 3437
3443 3464
3437 3624
2285 2305
2881 3133
409 525
3255 3264
1306 1070
3439 3799
3495 3944
3721 3525
3711 3643
3609 3692
3245 1534
1956 2245
3133 2881
1782 1718
3589 3592
2469 2520
2528 2263
1785 1304
3192 2662
3437 3729
3437 3704
2245 1956
394 488
488 394
483 1773
632 628
388 376
1365 1491
2121 2329
2431 2528
1777 376
3460 3782
3437 3856
48 88
841 740
922 1341
3479 3830
4013 3989
2188 2353
2427 2266
3631 3903
3772 3437
3968 3884
3346 3019
235 156
2532 2590
3437 3653
180 94
3830 3744
1863 1718
727 853
3501 3721
3794 3947
723 824
3507 3506
3531 3863
3415 3109
2616 2629
156 5
2896 2928
349 508
3648 3924
376 394
3437 3695
3437 3863
1341 1879
2223 2042
1328 1687
3221 3249
1740 1512
180 48
456 496
2447 2116
434 604
3885 3437
1724 1867
2304 2235
701 724
1141 1703
2412 1937
2672 2781
786 733
3437 3451
751 795
1817 1458
2562 1936
2847 3255
2288 2266
2243 1939
2683 2867
713 736
446 548
2784 3349
3924 3711
2867 2974
2819 2783
3621 3689
2396 2282
2224 2451
3848 3918
770 727
1341 1516
965 1304
1174 1687
3502 3437
2795 3148
3437 3959
1198 1516
2182 2610
2206 2123
3123 3400
3326 3151
2836 3424
336 88
2881 3024
3437 3732
733 786
713 748
3337 3107
1983 2520
517 1694
3098 2906
3797 3948
3278 1656
3970 3437
3499 3534
3830 3880
2309 2423
1534 1701
3437 3726
3458 3437
761 705
2616 2610
604 376
3968 3484
3076 2781
432 451
1614 1471
1534 1758
1195 1835
3602 3761
2819 3221
3617 3483
3493 3792
3506 3754
625 611
3534 3499
1509 1305
3437 3482
3922 3437
2928 3400
844 693
2076 2444
705 697
2282 2293
3956 3829
3616 3439
3190 2820
2781 3326
1341 922
3945 3726
748 713
2465 2643
694 710
54 48
2444 2076
770 740
3586 3800
710 694
1769 1836
1687 900
2360 1933
3441 3662
3437 3862
1538 1821
1168 1089
2325 2298
828 723
2279 2589
1523 1554
2279 1955
795 700
3569 3714
2906 3098
2836 3190
693 844
3511 3515
3714 3569
1978 1990
1978 1936
2506 2329
3437 3477
2800 3098
804 882
3721 3501
48 180
3437 3458
3437 3965
3909 3976
1393 1388
57 242
3914 3794
2878 3214
3426 3303
3549 3682
3525 3721
1867 1724
2206 2521
1494 1511
3190 2836
729 889
844 778
936 1506
2284 1973
4011 594
828 880
3613 3898
3437 3469
2309 2520
1304 965
2520 2309
1078 1879
1654 1455
724 736
1821 1538
2175 2047
3517 3948
717 798
708 713
727 756
3197 3299
2047 2107
882 889
889 729
782 736
2906 2985
820 697
1471 1863
1070 1306
2589 2649
778 844
2286 1990
3695 3437
1543 1531
3437 3748
3695 3523
2589 2279
1718 2223
3863 3531
2209 2270
517 394
1882 1332
2173 2335
603 684
816 713
2343 2338
3820 3437
3761 3602
1701 1534
3898 3613
1131 944
2268 1955
1332 483
2401 1924
3426 2663
1624 1089
3772 3610
3490 3549
409 517
1388 1393
3303 2944
2235 2304
3863 3437
1569 1872
511 517
2282 2396
3437 3686
767 822
888 804
3076 3172
1656 2826
94 320
3771 3437
3965 3437
3441 3437
1756 1709
1937 2412
2237 2404
2127 2138
1089 1005
1970 2318
1738 944
1123 1501
2212 2353
1782 927
1803 1687
793 836
2502 2649
2478 2556
1718 1863
3901 3437
3928 3437
1939 2243
3426 2908
2266 2288
2385 2208
3389 2841
3711 3969
3151 3326
496 565
842 795
3459 3614
3947 3794
3989 4013
727 770
3424 2841
2162 2371
2126 2535
1959 2243
782 786
2335 2322
3482 3437
3887 3437
3349 2784
3586 862
697 705
525 409
3732 3437
1128 1199
2726 3045
1709 1131
1071 1202
3437 3798
3278 1534
1919 1973
3754 3506
1471 1614
2049 2047
548 525
1614 1768
3090 3426
3754 3483
1604 1388
1624 1770
465 511
813 784
889 882
1625 1332
730 687
3560 3437
855 717
3709 3437
3018 2690
2050 2000
3076 3272
3761 3474
754 694
1174 928
1981 2304
204 5
736 724
1516 1341
2404 2575
1718 1782
320 94
1831 1743
2193 1936
3832 3640
3437 3746
3437 3742
1973 2459
2148 2047
2610 1944
2220 2590
2312 2127
3019 3346
862 3586
451 432
3971 3484
54 27
3227 3269
3744 3830
1151 1447
3944 3495
2176 1577
932 1775
1040 1864
3799 3439
853 842
3024 2881
784 813
1127 1304
2285 2338
2985 2906
2590 2532
1975 2360
2325 2176
1687 1803
694 784
3580 3679
2094 2281
1815 1709
1694 649
3856 3437
882 804
1821 982
900 1687
1005 1089
3437 3957
3586 3948
1447 1811
2353 2212
2043 2404
2263 2528
3437 3441
3915 3764
831 740
3602 3770
3437 3846
713 708
456 440
3974 3437
2270 2209
2335 2173
204 242
3979 3437
724 701
2908 3426
3400 2928
2826 1656
3830 3479
5 316
2371 2162
3437 3589
3896 3437
3679 3437
3915 3469
3623 3506
3437 3779
2515 2401
511 465
2243 1959
1534 3278
2047 2175
2346 2435
2637 2209
977 1304
3895 3437
1304 1127
673 556
3671 3437
2102 2223
3484 3971
3609 3721
2107 2126
3792 3882
3889 3437
804 782
3437 3657
3648 3816
1879 1078
1174 1825
2318 2038
740 841
2841 3255
924 1141
2575 1983
3437 3570
756 727
3594 3523
3483 3617
1199 1603
3469 3915
3493 3593
783 793
3589 3437
2867 2683
3424 2836
1770 1311
3272 3254
722 713
2281 2094
2208 2385
352 525
2209 2637
3437 3820
736 712
2243 2387
3739 3743
3506 3507
1687 1534
1509 1604
2944 3303
815 754
3437 3502
1973 2284
3192 2819
3968 3525
2556 2266
3098 3364
3630 3474
824 723
3767 3555
1470 1483
2663 3426
2038 2198
3794 3914
2167 2094
594 667
1835 1305
3523 3695
3695 3919
1990 1978
2820 3190
2841 3424
2371 2322
3019 2860
3649 3898
2575 2404
3800 3586
3269 3227
3919 3613
1919 1958
836 793
604 434
727 854
2961 3294
2000 2050
3328 3024
798 852
862 857
1577 2224
2304 1981
687 697
3249 3221
173 163
982 1821
1740 1882
3723 3437
3719 3764
2284 1935
3614 3459
3437 3935
3689 3621
1697 1718
376 1777
3214 2878
2127 2312
2223 2102
1861 1835
3437 3895
2126 1933
2282 2343
1202 1326
1933 2126
3443 3645
3523 3594
1618 1836
2898 3214
3437 3823
2266 2427
2459 1973
2153 2599
3711 3924
2117 2153
3437 3887
1305 1509
2841 3389
3726 3437
2047 2049
3499 3829
2447 2050
844 705
3948 3586
3694 3816
3640 3832
1506 936
3989 594
2343 2436
3834 3437
1214 1722
3303 3426
2974 2867
1863 1471
2135 2496
3045 2726
3948 3797
3364 3098
2047 2582
1089 1624
3479 3562
3825 3793
2316 2193
2690 3018
2545 2454
3727 3536
1687 1174
483 1332
556 394
2326 2121
784 694
2286 2371
3931 3821
2242 2298
740 831
2188 2556
3255 2847
2502 2529
1554 1523
2107 2047
2599 2153
2985 2877
3958 3437
1687 1328
594 3989
196 180
3648 3903
3829 3956
2781 2672
3969 3794
2587 2412
496 456
94 180
3437 3853
667 594
2396 2415
3437 3909
3624 3437
3437 3928
3862 3437
754 815
822 767
2465 2292
2284 2346
3594 3581
1864 1117
2556 2188
3437 3671
2401 2515
1879 1341
3689 3721
3400 3123
3765 3437
2590 2220
548 446
684 677
3875 3887
3726 3945
2075 1981
3562 3919
684 603
3830 3574
2346 2284
3499 3535
723 828
1170 1139
3437 3560
653 611
3437 3765
394 556
3719 3564
1202 1071
1718 1697
3879 3437
3299 2973
880 828
700 795
1326 1202
3437 3885
2176 2235
3474 3634
1491 1341
3272 3328
3437 3939
3537 3437
2320 2515
2126 2107
1879 1768
2153 2117
3816 3694
2387 2243
3821 3931
1864 1040
1131 1709
3764 3719
3437 3772
1141 924
1654 483
727 697
1093 1569
2138 2127
3959 3437
3469 3668
2547 2224
672 620
2906 2757
438 511
156 235
1882 1740
1495 1451
2176 2325
3887 3875
1924 2401
3437 3472
717 855
2404 2043
3437 3661
3254 3272
3896 3810
3328 3272
1936 1978
2011 1919
3748 3437
697 820
3584 3631
1743 1831
3686 3437
705 844
3613 3919
1872 1036
3464 3764
3880 3830
3477 3437
2436 2151
2198 2038
2202 2284
1955 2279
1775 932
3593 3493
3439 3616
2757 2906
3829 3474
2649 2463
3510 3821
694 798
2384 2208
2473 2566
3214 2784
1975 2314
3443 3752
3221 2819
2042 2223
3148 2795
3303 2906
1202 1268
842 853
242 204
726 828
2193 2316
1199 1782
815 697
1656 1150
2038 2318
1973 1919
2266 2556
3437 3650
5 156
649 173
3764 3915
1836 1618
1268 1202
3793 3825
3510 3738
3969 3711
556 365
376 388
440 508
1388 1604
3742 3437
3437 3952
828 726
804 888
620 672
1037 1070
2298 2242
3620 3969
2520 1983
2436 2343
2556 2478
1770 1624
857 862
1955 2268
944 1738
565 496
1919 2011
1924 1988
3437 3537
1863 1523
3738 3668
2985 2928
2047 2148
3437 3457
3770 3602
3948 3495
2663 3428
1512 1740
649 1694
3437 3889
793 783
2529 2502
3949 3624
1983 2575
3798 3437
3738 3859
853 727
3437 3679
3437 3958
2451 2224
3919 3695
3721 3689
1865 1150
2463 2649
3898 3649
1385 1770
3474 3829
3617 3793
2224 2547
713 722
3823 3437
2094 2245
508 349
3816 3648
3437 3979
1008 1674
2329 2121
3682 3549
1959 2153
2268 2384
3459 3469
3033 3390
88 48
376 604
2292 2465
3903 3648
2547 2267
1199 1128
1305 1149
3437 3970
3186 3107
2224 1577
3924 3648
3555 3767
3098 2800
3570 3437
3763 3782
483 1654
5 204
1458 1817
854 727
316 5
1511 1494
3400 3269
3457 3437
713 816
671 483
517 511
1304 977
3746 3437
3692 3609
712 822
1117 1864
2928 2896
852 798
2521 2121
3451 3437
2841 2751
628 632
3326 2781
3610 3772
3891 3704
3107 3186
1534 3245
2038 2610
1501 1123
697 687
2403 2173
2360 1975
783 770
2582 2047
508 440
1988 1924
2795 3048
2535 2126
1990 2286
3948 3517
394 376
2318 1970
611 625
3109 3415
2151 2436
3286 2757
1341 1491
525 352
3700 3502
1150 1656
2798 3303
3477 3565
3214 2898
2121 2326
1944 2610
3437 3676
1202 1064
2123 2206
1958 1919
2551 2220
3555 3829
3650 3437
697 727
3107 3337
1811 1447
3779 3437
1139 1170
2643 2465
3562 3479
1202 1200
2322 2371
3829 3499
1782 1199
483 671
1300 936
3390 3033
3564 3719
1603 1199
1455 1654
2610 2616
2898 2858
3303 2961
2293 2282
1064 1202
242 57
1531 1543
3472 3437
1311 1770
3469 3459
1447 932
3437 3908
376 432
508 520
3969 3620
3821 3510
409 456
456 409
2819 3192
3908 3437
932 1447
798 694
465 537
3935 3437
3446 3549
3536 3727
1687 1445
927 1782
3424 2898
1445 1687
3272 3076
3593 3924
2649 2502
2521 2206
928 1174
2415 2396
2343 2282
2121 2521
163 173
587 376
3303 2798
3506 3623
1149 1305
537 465
414 673
1447 1151
625 684
3657 3437
3952 3437
2338 2343
48 54
2220 2551
173 649
3651 3501
3631 3584
2138 2292
3924 3593
88 336
1150 1865
432 376
2781 3076
511 438
3853 3437
2515 2320
2353 2188
1709 1756
736 782
2223 1718
3437 3901
1722 1214
2877 2985
712 736
3525 3968
1768 1614
2305 2285
2338 2285
1365 1530
3844 3437
3469 3437
1709 1127
2404 2237
3592 3589
3474 3761
770 783
677 684
2173 2403
822 712
736 713
2371 2286
3653 3437
525 548
3859 3738
1070 1037
3294 2961
2066 2047
3484 3968
2322 2335
556 673
3918 3848
3437 3896
2284 2202
2544 2203
2751 2841
2329 2506
2801 3221
2649 2589
2520 2469
1770 1385
3437 3922
3752 3443
3782 3763
3502 3700
2454 2545
3437 3709
1656 3278
3474 3630
394 517
3738 3510
1089 1168
517 1268
3759 3918
782 804
3437 3834
936 1300
611 653
2784 3214
3299 3197
3919 3562
2683 3433
3846 3437
1451 1495
3793 3617
798 717
2496 2135
694 812
1569 1093
2298 2325
3255 2841
1758 1534
687 730
3976 3909
3668 3469
2267 2547
3535 3499
3495 3948
3884 3968
2898 3424
1835 1861
2783 2819
520 508
3574 3830
2008 2412
3792 3493
684 625
3483 3754
944 1131
