5 156
5 204
5 316
27 54
48 54
48 88
48 180
54 27
54 48
57 242
88 48
88 336
94 180
94 320
156 5
156 235
163 173
173 163
173 649
180 48
180 94
180 196
196 180
204 5
204 242
235 156
242 57
242 204
316 5
320 94
336 88
349 508
352 525
365 556
376 388
376 394
376 432
376 587
376 604
376 1777
388 376
394 376
394 488
394 517
394 556
409 456
409 517
409 525
414 673
432 376
432 451
434 604
438 511
440 456
440 508
446 548
451 432
456 409
456 440
456 496
465 511
465 537
483 671
483 1332
483 1654
483 1773
488 394
496 456
496 565
508 349
508 440
508 520
511 438
511 465
511 517
517 394
517 409
517 511
517 1268
517 1694
520 508
525 352
525 409
525 548
537 465
548 446
548 525
556 365
556 394
556 673
565 496
587 376
594 667
594 3989
594 4011
603 684
604 376
604 434
611 625
611 653
620 672
625 611
625 684
628 632
632 628
649 173
649 1694
653 611
667 594
671 483
672 620
673 414
673 556
677 684
684 603
684 625
684 677
687 697
687 730
693 844
694 710
694 754
694 784
694 798
694 812
697 687
697 705
697 727
697 815
697 820
700 795
701 724
705 697
705 761
705 844
708 713
710 694
712 736
712 822
713 708
713 722
713 736
713 748
713 816
717 798
717 855
722 713
723 824
723 828
724 701
724 736
726 828
727 697
727 756
727 770
727 853
727 854
729 889
730 687
733 786
736 712
736 713
736 724
736 782
740 770
740 831
740 841
748 713
751 795
754 694
754 815
756 727
761 705
767 822
770 727
770 740
770 783
770 828
778 844
782 736
782 786
782 804
783 770
783 793
784 694
784 813
786 733
786 782
793 783
793 836
795 700
795 751
795 842
798 694
798 717
798 852
804 782
804 882
804 888
807 828
812 694
813 784
815 697
815 754
816 713
820 697
822 712
822 767
824 723
828 723
828 726
828 770
828 807
828 880
831 740
836 793
841 740
842 795
842 853
844 693
844 705
844 778
852 798
853 727
853 842
854 727
855 717
857 862
862 857
862 3586
880 828
882 804
882 889
888 804
889 729
889 882
900 1687
922 1341
924 1141
927 1782
928 1174
932 1447
932 1775
936 1300
936 1506
944 1131
944 1738
965 1304
977 1304
982 1821
1005 1089
1008 1674
1036 1872
1037 1070
1040 1864
1064 1202
1070 1037
1070 1306
1071 1202
1078 1879
1089 1005
1089 1168
1089 1624
1093 1569
1117 1864
1123 1501
1127 1304
1127 1709
1128 1199
1131 944
1131 1709
1139 1170
1141 924
1141 1703
1149 1305
1150 1656
1150 1865
1151 1447
1168 1089
1170 1139
1174 928
1174 1687
1174 1825
1195 1835
1198 1516
1199 1128
1199 1603
1199 1782
1200 1202
1202 1064
1202 1071
1202 1200
1202 1268
1202 1326
1214 1722
1268 517
1268 1202
1300 936
1304 965
1304 977
1304 1127
1304 1785
1305 1149
1305 1509
1305 1835
1306 1070
1311 1770
1326 1202
1328 1687
1332 483
1332 1625
1332 1882
1341 922
1341 1491
1341 1516
1341 1879
1365 1491
1365 1530
1385 1770
1388 1393
1388 1604
1393 1388
1445 1687
1447 932
1447 1151
1447 1811
1451 1495
1455 1654
1458 1817
1470 1483
1471 1614
1471 1863
1483 1470
1491 1341
1491 1365
1494 1511
1495 1451
1501 1123
1506 936
1509 1305
1509 1604
1511 1494
1512 1740
1516 1198
1516 1341
1523 1554
1523 1863
1530 1365
1531 1543
1534 1687
1534 1701
1534 1758
1534 3245
1534 3278
1538 1821
1543 1531
1554 1523
1569 1093
1569 1872
1577 2176
1577 2224
1603 1199
1604 1388
1604 1509
1614 1471
1614 1768
1618 1836
1624 1089
1624 1770
1625 1332
1641 1817
1654 483
1654 1455
1656 1150
1656 2826
1656 3278
1674 1008
1687 900
1687 1174
1687 1328
1687 1445
1687 1534
1687 1803
1694 517
1694 649
1697 1718
1701 1534
1703 1141
1709 1127
1709 1131
1709 1756
1709 1815
1718 1697
1718 1782
1718 1863
1718 2223
1722 1214
1724 1867
1738 944
1740 1512
1740 1882
1743 1831
1756 1709
1758 1534
1768 1614
1768 1879
1769 1836
1770 1311
1770 1385
1770 1624
1773 483
1775 932
1777 376
1782 927
1782 1199
1782 1718
1785 1304
1803 1687
1811 1447
1815 1709
1817 1458
1817 1641
1821 982
1821 1538
1825 1174
1831 1743
1835 1195
1835 1305
1835 1861
1836 1618
1836 1769
1861 1835
1863 1471
1863 1523
1863 1718
1864 1040
1864 1117
1865 1150
1867 1724
1872 1036
1872 1569
1879 1078
1879 1341
1879 1768
1882 1332
1882 1740
1919 1958
1919 1973
1919 2011
1924 1988
1924 2401
1933 2126
1933 2360
1935 2284
1936 1978
1936 2193
1936 2562
1937 2412
1939 2243
1944 2610
1955 2268
1955 2279
1956 2245
1958 1919
1959 2153
1959 2243
1970 2318
1973 1919
1973 2284
1973 2459
1975 2314
1975 2360
1978 1936
1978 1990
1981 2075
1981 2304
1983 2520
1983 2575
1988 1924
1990 1978
1990 2286
2000 2050
2008 2412
2011 1919
2038 2198
2038 2318
2038 2610
2042 2223
2043 2404
2047 2049
2047 2066
2047 2107
2047 2148
2047 2175
2047 2582
2049 2047
2050 2000
2050 2447
2066 2047
2075 1981
2076 2444
2094 2167
2094 2245
2094 2281
2102 2223
2107 2047
2107 2126
2116 2447
2117 2153
2121 2326
2121 2329
2121 2521
2123 2206
2126 1933
2126 2107
2126 2535
2127 2138
2127 2312
2135 2496
2138 2127
2138 2292
2148 2047
2151 2436
2153 1959
2153 2117
2153 2599
2162 2371
2167 2094
2173 2335
2173 2403
2175 2047
2176 1577
2176 2235
2176 2325
2182 2610
2188 2353
2188 2556
2193 1936
2193 2316
2198 2038
2202 2284
2203 2544
2206 2123
2206 2521
2208 2384
2208 2385
2209 2270
2209 2637
2212 2353
2220 2551
2220 2590
2223 1718
2223 2042
2223 2102
2224 1577
2224 2451
2224 2547
2235 2176
2235 2304
2237 2404
2242 2298
2243 1939
2243 1959
2243 2387
2245 1956
2245 2094
2263 2528
2266 2288
2266 2427
2266 2556
2267 2547
2268 1955
2268 2384
2270 2209
2279 1955
2279 2589
2281 2094
2282 2293
2282 2343
2282 2396
2284 1935
2284 1973
2284 2202
2284 2346
2285 2305
2285 2338
2286 1990
2286 2371
2288 2266
2292 2138
2292 2465
2293 2282
2298 2242
2298 2325
2304 1981
2304 2235
2305 2285
2309 2423
2309 2520
2312 2127
2314 1975
2316 2193
2318 1970
2318 2038
2320 2515
2322 2335
2322 2371
2325 2176
2325 2298
2326 2121
2329 2121
2329 2506
2335 2173
2335 2322
2338 2285
2338 2343
2343 2282
2343 2338
2343 2436
2346 2284
2346 2435
2353 2188
2353 2212
2360 1933
2360 1975
2371 2162
2371 2286
2371 2322
2384 2208
2384 2268
2385 2208
2387 2243
2396 2282
2396 2415
2401 1924
2401 2515
2403 2173
2404 2043
2404 2237
2404 2575
2412 1937
2412 2008
2412 2587
2415 2396
2423 2309
2427 2266
2431 2528
2435 2346
2436 2151
2436 2343
2444 2076
2447 2050
2447 2116
2451 2224
2454 2545
2459 1973
2463 2649
2465 2292
2465 2643
2469 2520
2473 2566
2478 2556
2496 2135
2502 2529
2502 2649
2506 2329
2515 2320
2515 2401
2520 1983
2520 2309
2520 2469
2521 2121
2521 2206
2528 2263
2528 2431
2529 2502
2532 2590
2535 2126
2544 2203
2545 2454
2547 2224
2547 2267
2551 2220
2556 2188
2556 2266
2556 2478
2562 1936
2566 2473
2575 1983
2575 2404
2582 2047
2587 2412
2589 2279
2589 2649
2590 2220
2590 2532
2599 2153
2610 1944
2610 2038
2610 2182
2610 2616
2616 2610
2616 2629
2629 2616
2637 2209
2643 2465
2649 2463
2649 2502
2649 2589
2662 3192
2663 3426
2663 3428
2672 2781
2683 2867
2683 3433
2690 3018
2726 3045
2751 2841
2757 2906
2757 3286
2781 2672
2781 3076
2781 3326
2783 2819
2784 3214
2784 3349
2795 3048
2795 3148
2798 3303
2800 3098
2801 3221
2819 2783
2819 3192
2819 3221
2820 3190
2826 1656
2836 3190
2836 3424
2841 2751
2841 3255
2841 3389
2841 3424
2847 3255
2858 2898
2860 3019
2867 2683
2867 2974
2877 2985
2878 3214
2881 3024
2881 3133
2896 2928
2898 2858
2898 3214
2898 3424
2906 2757
2906 2985
2906 3098
2906 3303
2908 3426
2928 2896
2928 2985
2928 3400
2944 3303
2961 3294
2961 3303
2973 3299
2974 2867
2985 2877
2985 2906
2985 2928
3018 2690
3018 3307
3019 2860
3019 3346
3024 2881
3024 3328
3033 3390
3045 2726
3048 2795
3076 2781
3076 3172
3076 3272
3090 3426
3098 2800
3098 2906
3098 3364
3107 3186
3107 3337
3109 3415
3123 3400
3133 2881
3148 2795
3151 3326
3172 3076
3186 3107
3190 2820
3190 2836
3192 2662
3192 2819
3197 3299
3214 2784
3214 2878
3214 2898
3221 2801
3221 2819
3221 3249
3227 3269
3245 1534
3249 3221
3254 3272
3255 2841
3255 2847
3255 3264
3264 3255
3269 3227
3269 3400
3272 3076
3272 3254
3272 3328
3278 1534
3278 1656
3286 2757
3294 2961
3299 2973
3299 3197
3303 2798
3303 2906
3303 2944
3303 2961
3303 3426
3307 3018
3326 2781
3326 3151
3328 3024
3328 3272
3337 3107
3346 3019
3349 2784
3364 3098
3389 2841
3390 3033
3400 2928
3400 3123
3400 3269
3415 3109
3424 2836
3424 2841
3424 2898
3426 2663
3426 2908
3426 3090
3426 3303
3428 2663
3433 2683
3437 3441
3437 3451
3437 3453
3437 3457
3437 3458
3437 3469
3437 3472
3437 3477
3437 3482
3437 3502
3437 3537
3437 3560
3437 3570
3437 3589
3437 3624
3437 3650
3437 3653
3437 3657
3437 3661
3437 3671
3437 3676
3437 3679
3437 3686
3437 3695
3437 3704
3437 3709
3437 3723
3437 3726
3437 3729
3437 3732
3437 3742
3437 3746
3437 3748
3437 3765
3437 3771
3437 3772
3437 3779
3437 3798
3437 3820
3437 3823
3437 3834
3437 3844
3437 3846
3437 3853
3437 3856
3437 3862
3437 3863
3437 3879
3437 3885
3437 3887
3437 3889
3437 3895
3437 3896
3437 3901
3437 3908
3437 3909
3437 3922
3437 3928
3437 3935
3437 3939
3437 3952
3437 3957
3437 3958
3437 3959
3437 3965
3437 3970
3437 3974
3437 3979
3439 3616
3439 3799
3441 3437
3441 3662
3443 3464
3443 3645
3443 3752
3446 3549
3451 3437
3453 3437
3457 3437
3458 3437
3459 3469
3459 3614
3460 3782
3464 3443
3464 3764
3469 3437
3469 3459
3469 3668
3469 3915
3472 3437
3474 3630
3474 3634
3474 3761
3474 3829
3477 3437
3477 3565
3479 3562
3479 3830
3482 3437
3483 3617
3483 3754
3484 3968
3484 3971
3490 3549
3493 3593
3493 3792
3495 3944
3495 3948
3499 3534
3499 3535
3499 3829
3501 3651
3501 3721
3502 3437
3502 3700
3506 3507
3506 3623
3506 3754
3507 3506
3510 3738
3510 3821
3511 3515
3515 3511
3517 3948
3523 3594
3523 3695
3525 3721
3525 3968
3531 3863
3534 3499
3535 3499
3536 3727
3537 3437
3549 3446
3549 3490
3549 3682
3555 3767
3555 3829
3560 3437
3562 3479
3562 3919
3564 3719
3565 3477
3569 3714
3570 3437
3574 3830
3580 3679
3581 3594
3584 3631
3586 862
3586 3800
3586 3948
3589 3437
3589 3592
3592 3589
3593 3493
3593 3924
3594 3523
3594 3581
3602 3761
3602 3770
3609 3692
3609 3721
3610 3772
3613 3898
3613 3919
3614 3459
3616 3439
3617 3483
3617 3793
3620 3969
3621 3689
3623 3506
3624 3437
3624 3949
3630 3474
3631 3584
3631 3903
3634 3474
3640 3832
3643 3711
3645 3443
3648 3816
3648 3903
3648 3924
3649 3898
3650 3437
3651 3501
3653 3437
3657 3437
3661 3437
3662 3441
3668 3469
3668 3738
3671 3437
3676 3437
3679 3437
3679 3580
3682 3549
3686 3437
3689 3621
3689 3721
3692 3609
3694 3816
3695 3437
3695 3523
3695 3919
3700 3502
3704 3437
3704 3891
3709 3437
3711 3643
3711 3924
3711 3969
3714 3569
3719 3564
3719 3764
3721 3501
3721 3525
3721 3609
3721 3689
3723 3437
3726 3437
3726 3945
3727 3536
3729 3437
3732 3437
3738 3510
3738 3668
3738 3859
3739 3743
3742 3437
3743 3739
3743 3871
3744 3830
3746 3437
3748 3437
3752 3443
3754 3483
3754 3506
3759 3918
3761 3474
3761 3602
3763 3782
3764 3464
3764 3719
3764 3915
3765 3437
3767 3555
3770 3602
3771 3437
3772 3437
3772 3610
3779 3437
3782 3460
3782 3763
3792 3493
3792 3882
3793 3617
3793 3825
3794 3914
3794 3947
3794 3969
3797 3948
3798 3437
3799 3439
3800 3586
3810 3896
3816 3648
3816 3694
3820 3437
3821 3510
3821 3931
3823 3437
3825 3793
3829 3474
3829 3499
3829 3555
3829 3956
3830 3479
3830 3574
3830 3744
3830 3880
3832 3640
3834 3437
3844 3437
3846 3437
3848 3918
3853 3437
3856 3437
3859 3738
3862 3437
3863 3437
3863 3531
3871 3743
3875 3887
3879 3437
3880 3830
3882 3792
3884 3968
3885 3437
3887 3437
3887 3875
3889 3437
3891 3704
3895 3437
3896 3437
3896 3810
3898 3613
3898 3649
3901 3437
3903 3631
3903 3648
3908 3437
3909 3437
3909 3976
3914 3794
3915 3469
3915 3764
3918 3759
3918 3848
3919 3562
3919 3613
3919 3695
3922 3437
3924 3593
3924 3648
3924 3711
3928 3437
3931 3821
3935 3437
3939 3437
3944 3495
3945 3726
3947 3794
3948 3495
3948 3517
3948 3586
3948 3797
3949 3624
3952 3437
3956 3829
3957 3437
3958 3437
3959 3437
3965 3437
3968 3484
3968 3525
3968 3884
3969 3620
3969 3711
3969 3794
3970 3437
3971 3484
3974 3437
3976 3909
3979 3437
3989 594
3989 4013
4011 594
4013 3989
