2293 2282
1975 2360
852 798
414 585
3107 3186
3437 3922
2985 2906
2877 2985
3821 3931
3472 3437
2116 2447
3437 3779
3829 3499
2107 2047
2820 3190
1534 3278
3437 3589
1341 1516
414 665
2973 3299
180 94
1990 2286
3948 3797
782 736
3437 3856
2459 1973
3525 3721
842 853
3832 3640
2649 2463
3437 3477
2412 2008
483 1332
2360 1933
2067 1942
242 204
368 521
1141 924
1936 2562
2266 2288
3437 3729
3437 3970
3820 3437
3928 3437
2188 2353
822 712
2286 1990
3437 3671
414 589
661 670
1150 1656
3272 3328
1955 2268
2784 3349
3479 3562
3501 3651
3752 3554
3586 3800
3437 3887
653 611
2757 2906
2449 2594
2134 2302
625 611
54 48
1863 1523
556 365
1128 1199
2206 2521
1491 1365
1983 2575
414 581
1656 1150
795 700
3650 3437
3974 3437
3098 2800
1863 1471
555 422
1879 1341
603 684
3437 3502
517 409
2444 2076
2325 2298
3823 3437
600 665
3469 3459
579 664
2284 2202
798 694
3076 3272
627 647
2042 2223
3889 3437
2556 2188
414 663
2582 2047
756 727
555 367
2795 3048
3726 3437
2551 2220
2451 2224
1981 2075
3609 3692
3914 3794
446 548
2819 3192
3474 3634
1543 1531
2101 2479
1516 1341
5 156
1093 1569
724 736
1604 1388
584 414
367 555
3437 3482
694 754
1937 2412
3729 3437
590 567
2564 2591
3794 3969
3549 3446
2246 2355
3759 3918
3437 3965
1990 1978
3437 3679
3483 3754
3694 3816
3689 3621
684 603
410 475
3723 3437
3761 3602
3695 3919
2320 2515
748 713
2094 2281
180 48
3965 3437
1768 1879
3437 3823
475 521
2460 2573
1304 965
1769 1836
2423 2433
824 723
3875 3887
2346 2284
1328 1687
1933 2360
414 34
3560 3437
3326 3151
3076 3172
944 1131
422 631
1268 1202
3192 2819
3437 3746
3668 3738
3727 3536
613 414
488 394
3569 3714
3441 3662
708 713
3286 2757
511 465
2148 2047
3721 3609
1512 1740
3794 3947
376 394
2243 1959
625 684
2302 2134
3976 3909
3437 3570
648 617
525 548
3303 3426
1577 2224
2325 2176
733 786
1534 1701
770 828
579 621
2594 2449
3631 3903
3428 2663
444 475
1064 1202
2784 3214
3437 3457
3564 3719
434 490
414 638
1882 1740
2371 2162
414 586
2479 2603
1973 2284
1268 517
2819 3221
2135 2496
521 368
2404 2575
3648 3924
2589 2279
1365 1530
1959 2153
726 828
3424 2841
2176 2235
2281 2094
520 508
3676 3437
2245 1956
3437 3834
2343 2282
3739 3743
1782 1718
517 394
2038 2198
727 854
1455 1654
517 1694
88 48
2318 2038
3721 3501
3278 1534
3738 3510
3437 3935
3426 2663
2274 2101
812 694
2326 2121
936 1300
2284 2346
798 852
3437 3686
3024 3328
163 173
414 584
670 659
3738 3859
2610 2182
670 665
767 822
815 754
409 525
3586 3948
2292 2465
3437 3863
842 795
2268 2384
697 820
414 674
3400 3269
444 449
3484 3971
414 682
1770 1385
1326 1202
483 671
2279 1955
679 682
1471 1863
3192 2662
3033 3390
3686 3437
712 822
2353 2188
3490 3549
3661 3437
556 394
508 520
2431 2528
3272 3076
3581 3594
3891 3704
1933 2126
965 1304
3437 3676
3346 3019
3594 3581
3918 3759
2672 2781
1821 982
1687 1803
3947 3758
1919 1958
3692 3609
642 581
394 517
820 697
3190 2836
2545 2454
727 770
770 727
3690 3758
1740 1512
3829 3956
2928 2896
2335 2322
604 376
2284 1973
2683 3433
3459 3469
1494 1511
3523 3594
496 456
4011 594
2928 3400
1988 1924
831 740
2054 2133
2038 2318
786 782
1385 1770
2121 2521
1131 1709
3624 3949
723 828
1835 1305
620 672
3018 2690
3570 3437
2528 2431
3214 2898
1199 1603
3437 3957
456 496
3602 3761
407 490
3437 3974
783 770
3721 3525
2591 2536
3439 3616
617 590
2266 2427
235 156
1202 1064
2819 2783
3483 3617
1978 1990
2547 2267
3821 3510
740 770
1775 932
365 556
3919 3562
855 717
2564 2484
2126 2107
670 627
1509 1305
770 740
2473 2566
525 352
1089 1624
2223 1718
3294 2961
3245 1534
589 579
2985 2928
3799 3439
2801 3221
490 434
3767 3555
1936 1978
3969 3794
3555 3767
3970 3437
3437 3441
3495 3944
3495 3948
3931 3906
414 624
729 889
3968 3484
3477 3437
2564 1942
1981 2304
422 414
3437 3458
783 793
1970 2318
1782 927
705 697
3197 3299
1195 1835
1966 2484
414 608
3303 2961
1123 1501
2335 2173
3151 3326
1174 928
376 587
1861 1835
3616 3439
589 414
2530 2302
2629 2616
2138 2127
1756 1709
1506 936
2223 2042
2047 2066
2292 2138
48 54
667 594
3463 3947
2322 2335
608 414
2898 3424
3457 3437
2690 3018
3221 2801
1955 2279
3255 3264
2176 1577
3255 2841
617 648
2107 2126
3264 3255
3971 3484
3758 3947
1674 1008
2101 2280
1718 1863
1865 1150
3515 3511
2245 2094
1501 1123
2663 3428
2449 1966
400 676
2304 1981
3249 3221
3493 3593
1770 1624
592 589
1825 1174
483 1654
3856 3437
3535 3499
3076 2781
2610 2616
2423 2309
2282 2293
3389 2841
1936 2193
3761 3474
1470 1483
3714 3569
2599 2153
2435 2346
2573 2460
3090 3426
2270 2209
2591 2574
1785 1304
671 483
793 783
740 831
1332 483
2127 2312
2267 2547
2309 2423
581 642
2212 2353
617 422
982 1821
663 622
3617 3483
3744 3717
844 693
1718 1697
673 556
3779 3437
2484 2564
204 5
422 617
1641 1817
2610 1944
3884 3968
3446 3549
713 708
1864 1117
1924 1988
2133 2054
1511 1494
2121 2326
2404 2237
2282 2396
1037 1070
713 816
3794 3914
156 5
3717 3744
1815 1709
1534 1687
567 590
3623 3506
3303 2906
3610 3772
3613 3919
475 444
1656 3278
1305 1835
1458 1817
807 828
590 617
3437 3472
2329 2121
2173 2403
3989 4013
461 590
2279 2589
3474 3630
474 422
3531 3863
3437 3742
3415 3109
3765 3437
2547 2224
3709 3437
548 525
3443 3645
3782 3460
2906 3098
2153 2599
1618 1836
2198 2038
2047 2175
693 844
1692 484
3592 3589
508 349
2153 1959
3437 3908
784 694
2253 1966
2268 1955
3477 3565
3711 3969
3254 3272
414 400
3437 3928
2318 1970
3915 3469
3460 3782
3499 3829
928 1174
3657 3437
1070 1037
3721 3689
2867 2974
2619 2573
3437 3939
813 784
795 842
3772 3610
3437 3650
2469 2520
723 824
3214 2878
1604 1509
3957 3437
3437 3560
3437 3979
2153 2117
2126 2535
3758 3690
2054 2187
27 54
438 511
490 407
2478 2556
3482 3437
3959 3437
684 677
3133 2881
2203 2544
3922 3437
2038 2610
2396 2282
2066 2047
2860 3019
586 414
944 1738
2384 2268
48 88
4013 3989
604 434
3711 3924
844 778
1168 1089
2535 2126
1872 1036
2094 2245
414 436
3437 3732
3045 2726
482 475
196 180
414 668
1654 483
3919 3695
2309 2520
3098 3364
2242 2298
2193 1936
668 414
2312 2127
3924 3648
888 804
3752 3443
2412 2587
3871 3743
3437 3726
3682 3549
3830 3744
3437 3453
754 815
2387 2243
862 857
889 882
795 751
1709 1131
2396 2415
508 440
3255 2847
2371 2286
3024 2881
54 27
3109 3415
3863 3437
685 617
376 604
3400 3123
804 888
394 376
665 414
3880 3830
3931 3821
1835 1195
3671 3437
2394 2101
3426 3090
672 620
587 376
2117 2153
456 409
927 1782
3437 3537
1738 944
2521 2121
3614 3459
3441 3437
3443 3752
3919 3613
2536 2591
793 836
621 579
3609 3721
2447 2050
1554 1523
713 722
2385 2208
2800 3098
2400 1913
3506 3507
3689 3721
618 584
3887 3875
3908 3437
3186 3107
1202 1268
1956 2245
2008 2412
1388 1393
3172 3076
2101 2394
414 639
3948 3586
2223 2102
1867 1724
2878 3214
1625 1332
2162 2371
2176 2325
414 602
3474 3829
1942 2564
697 727
3602 3770
2167 2094
590 461
1703 1141
3523 3695
592 575
2898 3214
1959 2243
2094 2167
770 783
1687 1174
2836 3424
3326 2781
3227 3269
3793 3825
1701 1534
2520 1983
3830 3574
2573 2619
3648 3903
1341 1879
3221 3249
622 663
1089 1168
1198 1516
1577 2176
1654 1455
712 736
3437 3862
414 422
3507 3506
1311 1770
2974 2867
3744 3830
2237 2404
1603 1199
2047 2107
924 1141
2590 2532
3695 3437
156 235
2757 3286
3307 3018
2781 3076
2663 3426
2282 2343
2401 2515
3649 3898
828 770
638 414
673 414
798 717
3882 3792
736 713
511 517
475 410
694 784
1202 1071
3437 3765
1777 376
674 414
3898 3649
3613 3898
3437 3901
371 368
1071 1202
2209 2270
2353 2212
3640 3832
3770 3602
2683 2867
2643 2465
804 882
3906 3486
376 432
1214 1722
1523 1863
2556 2478
1202 1326
828 807
368 371
2841 3424
782 786
3948 3517
1127 1709
1332 1882
3969 3620
3947 3794
2521 2206
2467 2484
2047 2049
804 782
2532 2590
2224 2451
1534 3245
2556 2266
2266 2556
1656 2826
3565 3477
465 537
2415 2396
3437 3748
3754 3483
88 336
3589 3592
1939 2243
3631 3584
2898 2858
414 613
1694 649
1141 1703
2515 2401
3390 3033
2047 2582
2208 2384
2783 2819
2355 2246
3846 3437
3364 3098
2881 3133
3772 3437
3764 3464
3269 3400
3594 3523
2302 2530
627 670
3328 3272
3887 3437
3517 3948
2346 2435
3947 3786
1538 1821
1817 1458
3645 3443
697 687
649 173
694 710
1199 1782
816 713
1078 1879
687 730
1718 2223
1942 2234
3898 3613
434 604
2187 2379
2243 1939
409 456
3278 1656
2246 2054
2193 2316
2479 2101
3214 2784
3989 594
57 242
3771 3437
2343 2436
1718 1782
3763 3782
2049 2047
1388 1604
2394 2133
1332 1625
1722 1214
2288 2266
754 694
649 1694
727 756
3437 3695
3437 3885
2836 3190
1863 1718
1975 2314
1304 1785
2209 2637
3915 3764
2379 2187
3662 3441
2322 2371
3437 3723
594 4011
414 673
336 88
3924 3593
1835 1861
3437 3896
727 853
701 724
3574 3830
584 618
422 636
2043 2404
3829 3474
1005 1089
2427 2266
5 316
3437 3820
2302 2133
2575 2404
3437 3451
1202 1200
631 422
1491 1341
2123 2206
1624 1089
828 723
2133 2302
2603 2479
2467 2460
409 517
3797 3948
1768 1614
3825 3793
2133 2514
3437 3853
48 180
3948 3495
2841 2751
3107 3337
844 705
1447 932
3719 3764
3624 3437
1966 2423
3474 3761
2187 2054
394 488
3700 3502
2867 2683
1036 1872
180 196
3792 3493
857 862
2590 2220
2826 1656
1341 1491
422 474
730 687
1393 1388
1958 1919
3793 3617
2285 2305
3830 3479
1451 1495
3726 3945
2591 2564
525 409
2881 3024
677 684
932 1447
3437 3657
607 414
3945 3726
1471 1614
2544 2203
1149 1305
682 414
1821 1538
1200 1202
2858 2898
3732 3437
1942 2067
815 697
2243 2387
589 592
2263 2528
483 1773
3511 3515
3437 3909
1694 517
2574 2591
3437 3772
2235 2176
1724 1867
2384 2208
3501 3721
456 440
3123 3400
2234 1942
543 449
2906 3303
1614 1768
862 3586
2520 2469
3549 3490
889 729
2529 2400
3437 3771
581 414
1306 1070
3562 3919
2316 2193
3554 3752
3098 2906
2127 2138
1089 1005
617 685
2208 2385
697 815
2841 3255
922 1341
3859 3738
3299 3197
567 484
2610 2038
676 400
687 697
3424 2836
3648 3816
2781 2672
2047 2148
537 465
1709 1815
3549 3682
3862 3437
3437 3798
517 511
3443 3464
1709 1756
400 414
94 320
710 694
3426 3303
3764 3719
647 627
242 57
484 567
394 556
3510 3821
3834 3437
665 600
511 438
449 543
3486 3906
602 414
3437 3653
3506 3623
3479 3830
1447 1811
900 1687
484 1692
1864 1040
475 436
2447 2116
3437 3661
173 163
2484 2467
2102 2223
639 414
474 382
2896 2928
320 94
3617 3793
665 670
382 474
3719 3564
3272 3254
2371 2322
2961 3294
1882 1332
1174 1687
1040 1864
2662 3192
3829 3555
3190 2820
3269 3227
736 782
3918 3848
3742 3437
3221 2819
761 705
436 414
1758 1534
3437 3709
3979 3437
3830 3880
1624 1770
3621 3689
451 432
632 628
611 625
3593 3924
34 414
2454 2545
694 798
3798 3437
2506 2329
2076 2444
786 733
841 740
659 670
440 508
1305 1509
3555 3829
782 804
2304 2235
2286 2371
1304 977
3437 3959
2220 2551
349 508
1697 1718
2054 2246
3458 3437
3303 2944
3019 2860
2529 2502
751 795
3969 3711
2050 2447
3437 3469
3909 3437
3679 3580
3786 3947
414 607
2224 2547
565 496
2465 2292
376 1777
1139 1170
3593 3493
3469 3915
977 1304
3499 3534
882 889
1687 900
3525 3968
1495 1451
727 697
828 726
3782 3763
2616 2610
3711 3643
3863 3531
1709 1127
1569 1093
2726 3045
3424 2898
3584 3631
3810 3896
2562 1936
2594 2280
3437 3952
2343 2338
2400 2529
2175 2047
717 855
1170 1139
2649 2589
3695 3523
432 376
2649 2502
2305 2285
3437 3624
2575 1983
2502 2649
2781 3326
391 367
3620 3969
3484 3968
2182 2610
3816 3648
2285 2338
1935 2284
1687 1534
736 724
717 798
722 713
575 592
2401 1924
2589 2649
3816 3694
3668 3469
2298 2325
3764 3915
3536 3727
1831 1743
3968 3525
3896 3810
3903 3648
3303 2798
2906 2985
2944 3303
2280 2101
1770 1311
3437 3844
2173 2335
2412 1937
436 475
3704 3437
3469 3668
2496 2135
3848 3918
3439 3799
932 1775
3437 3879
2050 2000
3437 3895
2224 1577
1008 1674
854 727
3901 3437
1743 1831
376 388
3743 3739
440 456
3464 3443
1978 1936
2465 2643
1773 483
1966 2449
1070 1306
1300 936
2908 3426
1919 1973
2751 2841
611 653
3879 3437
1740 1882
3800 3586
700 795
740 841
1151 1447
2798 3303
2000 2050
465 511
3048 2795
2329 2506
1983 2520
475 482
1836 1618
585 414
352 525
3844 3437
2404 2043
713 736
1365 1491
3437 3958
2616 2629
3502 3437
2284 1935
822 767
3019 3346
1150 1865
3451 3437
2587 2412
3704 3891
1836 1769
853 727
1523 1554
2360 1975
3018 3307
496 565
3853 3437
1304 1127
449 444
2011 1919
3349 2784
2514 2133
3939 3437
3746 3437
705 761
3748 3437
2961 3303
1516 1198
3651 3501
2906 2757
2202 2284
594 3989
2338 2285
1127 1304
3506 3754
2484 1966
1534 1758
3328 3024
664 579
682 679
853 842
1879 1768
3944 3495
579 589
3643 3711
1803 1687
1531 1543
684 625
2460 2467
3562 3479
388 376
2314 1975
2423 1966
828 880
2235 2304
1687 1445
1944 2610
2403 2173
422 555
3580 3679
3949 3624
173 649
1509 1604
3437 3889
3493 3792
3453 3437
3469 3437
784 813
2463 2649
1305 1149
2528 2263
1919 2011
3437 3704
2338 2343
2188 2556
1913 2400
1614 1471
724 701
3589 3437
3754 3506
1924 2401
3792 3882
3299 2973
1569 1872
705 844
713 748
1530 1365
594 667
2436 2151
94 180
1341 922
2841 3389
3653 3437
2133 2394
2520 2309
3534 3499
3437 3846
2795 3148
880 828
3906 3931
1131 944
1811 1447
3499 3535
3400 2928
697 705
3738 3668
936 1506
628 632
3537 3437
3956 3829
2515 2320
2126 1933
3630 3474
2220 2590
1973 2459
3337 3107
1782 1199
882 804
556 673
694 812
3426 2908
1817 1641
836 793
670 661
2101 2274
3935 3437
367 391
663 414
2075 1981
3679 3437
3924 3711
204 242
1687 1328
2566 2473
2436 2343
1966 2253
2433 2423
2206 2123
1872 1569
2502 2529
3903 3631
624 414
517 1268
3459 3614
432 451
1445 1687
3896 3437
3743 3871
5 204
2298 2242
3909 3976
1174 1825
521 475
736 712
3433 2683
2121 2329
778 844
2637 2209
1199 1128
636 422
2138 2292
3464 3764
3510 3738
2928 2985
3885 3437
316 5
2151 2436
1483 1470
3947 3463
3634 3474
1879 1078
3895 3437
548 446
3968 3884
1447 1151
3502 3700
3586 862
2985 2877
2847 3255
2280 2594
3952 3437
1973 1919
3148 2795
3958 3437
1117 1864
