235 156
94 180
94 320
525 352
525 409
1332 483
525 548
3989 594
625 611
632 628
620 672
625 684
697 687
697 705
713 708
713 722
697 727
713 736
713 748
697 815
713 816
697 820
1738 944
1070 1037
1864 1040
1864 1117
1170 1139
1703 1141
1722 1214
936 1300
1509 1305
1070 1306
932 1447
1495 1451
1614 1471
1470 1483
1123 1501
936 1506
1494 1511
1543 1531
1701 1534
1509 1604
1332 1625
1008 1674
1867 1724
1831 1743
1614 1768
1385 1770
932 1775
1458 1817
1538 1821
1618 1836
1036 1872
1332 1882
2412 1937
2268 1955
1919 1958
1919 1973
2412 2008
1919 2011
2447 2050
2444 2076
2167 2094
2447 2116
2521 2121
1933 2126
2496 2135
2292 2138
2436 2151
1959 2153
2371 2162
2235 2176
2556 2188
2544 2203
2521 2206
2637 2209
2590 2220
1959 2243
2556 2266
2371 2286
2235 2304
2371 2322
2436 2343
1933 2360
2268 2384
2237 2404
2292 2465
2566 2473
2556 2478
2320 2515
2263 2528
2590 2532
2454 2545
2412 2587
2629 2616
2781 2672
2867 2683
3045 2726
3214 2784
3303 2798
3019 2860
3214 2878
3214 2898
3303 2906
3303 2944
3303 2961
2867 2974
2690 3018
2795 3048
2781 3076
3186 3107
3415 3109
2795 3148
2662 3192
2973 3299
2781 3326
3019 3346
3033 3390
3303 3426
3437 3441
3437 3451
3437 3453
3437 3457
3437 3458
3782 3460
3437 3469
3437 3472
3437 3477
3437 3482
3437 3502
3511 3515
3727 3536
3437 3537
3490 3549
3437 3560
3714 3569
3437 3570
3437 3589
3493 3593
3439 3616
3483 3617
3437 3624
3437 3650
3437 3653
3437 3657
3437 3661
3437 3671
3437 3676
3437 3679
3437 3686
3437 3695
3437 3704
3437 3709
3437 3723
3437 3726
3437 3729
3437 3732
3743 3739
3437 3742
3437 3746
3437 3748
3483 3754
3602 3761
3782 3763
3437 3765
3602 3770
3437 3771
3437 3772
3437 3779
3493 3792
3437 3798
3439 3799
3437 3820
3437 3823
3640 3832
3437 3834
3437 3844
3437 3846
3437 3853
3437 3856
3437 3862
3437 3863
3743 3871
3437 3879
3437 3885
3437 3887
3437 3889
3437 3895
3437 3896
3437 3901
3437 3908
3437 3909
3848 3918
3437 3922
3437 3928
3437 3935
3437 3939
3495 3944
3495 3948
3437 3952
3437 3957
3437 3958
3437 3959
3437 3965
3884 3968
3437 3970
3437 3974
3437 3979
3989 4013
156 5
180 48
180 196
548 446
409 456
409 517
684 603
611 653
594 667
483 671
684 677
736 712
736 724
687 730
815 754
727 756
705 761
727 770
736 782
705 844
727 853
727 854
1141 924
1821 982
944 1131
1305 1149
1447 1151
1770 1311
1604 1388
1872 1569
2176 1577
1770 1624
1817 1641
483 1654
1534 1687
1882 1740
1534 1758
1836 1769
483 1773
1447 1811
1305 1835
1471 1863
1768 1879
2243 1939
2360 1975
2304 1981
2286 1990
2050 2000
2404 2043
2126 2107
2153 2117
2206 2123
2138 2127
2384 2208
2094 2245
2209 2270
1955 2279
2094 2281
2343 2282
1973 2284
2266 2288
2176 2325
2121 2326
2121 2329
2322 2335
2343 2338
2188 2353
2243 2387
2515 2401
2266 2427
2528 2431
1973 2459
2126 2535
2220 2551
2404 2575
2153 2599
2616 2610
2465 2643
3426 2663
2906 2757
3192 2819
2898 2858
3426 2908
2906 2985
3426 3090
2906 3098
3326 3151
3076 3172
3299 3197
1534 3245
3076 3272
1534 3278
2961 3294
3018 3307
3107 3337
2784 3349
2898 3424
2683 3433
3549 3446
3469 3459
3761 3474
3968 3484
3754 3506
3948 3517
3695 3523
3968 3525
3863 3531
3477 3565
3679 3580
3948 3586
3589 3592
3772 3610
3441 3662
3469 3668
3549 3682
3502 3700
3918 3759
3617 3793
3948 3797
3896 3810
3887 3875
3792 3882
3704 3891
3469 3915
3695 3919
3593 3924
3726 3945
3624 3949
3909 3976
594 4011
48 54
48 88
5 204
5 316
517 394
456 440
456 496
517 511
844 693
754 694
724 701
770 740
844 778
770 783
782 786
782 804
712 822
770 828
853 842
3586 862
1687 900
1879 1078
1624 1089
1569 1093
1687 1174
1835 1195
517 1268
1687 1328
1879 1341
1388 1393
1687 1445
1654 1455
1740 1512
1863 1523
3278 1656
517 1694
1131 1709
1863 1718
1687 1803
1835 1861
2401 1924
2284 1935
2610 1944
2245 1956
1990 1978
2575 1983
2610 2038
2107 2047
1981 2075
2335 2173
2610 2182
2284 2202
2353 2212
1577 2224
2338 2285
2282 2293
2325 2298
2127 2312
1975 2314
2284 2346
2208 2385
2282 2396
2329 2506
2279 2589
2819 2783
3098 2800
3424 2836
3424 2841
2985 2877
2985 2928
2819 3221
3272 3254
2757 3286
3272 3328
3098 3364
2663 3428
3506 3507
3919 3562
3523 3594
3919 3613
3459 3614
3506 3623
3474 3630
3474 3634
3924 3648
3924 3711
3525 3721
3668 3738
3915 3764
3586 3800
3793 3825
3474 3829
3484 3971
54 27
204 242
88 336
394 376
511 438
511 465
394 488
440 508
394 556
496 565
1694 649
694 710
828 723
828 726
786 733
822 767
694 784
783 793
842 795
694 798
828 807
694 812
740 831
740 841
862 857
828 880
804 882
804 888
1341 922
1174 928
1089 1005
1709 1127
1656 1150
1089 1168
1268 1202
1341 1491
1341 1516
1523 1554
1718 1697
1709 1756
1718 1782
1709 1815
1174 1825
1978 1936
1924 1988
2047 2049
2047 2066
2047 2148
2047 2175
2038 2198
1718 2223
2298 2242
2285 2305
2038 2318
2173 2403
2396 2415
2346 2435
2224 2451
1983 2520
2224 2547
2047 2582
2589 2649
2841 2751
3221 2801
1656 2826
2928 2896
3328 3024
2836 3190
3221 3249
2841 3255
2841 3389
2928 3400
3764 3464
3562 3479
3829 3499
3721 3501
3738 3510
3829 3555
3594 3581
3721 3609
3711 3643
3721 3689
3764 3719
3648 3816
3738 3859
3613 3898
3648 3903
3829 3956
3711 3969
242 57
649 173
508 349
556 365
376 388
376 432
508 520
465 537
376 587
376 604
556 673
795 700
798 717
795 751
784 813
723 824
793 836
798 852
882 889
1782 927
1202 1064
1202 1071
1516 1198
1782 1199
1202 1200
1127 1304
1202 1326
1491 1365
376 1777
1150 1865
2318 1970
2223 2042
2223 2102
1936 2193
2547 2267
2520 2309
2649 2463
2520 2469
2649 2502
1936 2562
3190 2820
3255 2847
3024 2881
3400 3123
3255 3264
3400 3269
3464 3443
3499 3534
3499 3535
3719 3564
3969 3620
3689 3621
3903 3631
3898 3649
3501 3651
3609 3692
3816 3694
3555 3767
3969 3794
3510 3821
3479 3830
173 163
673 414
604 434
432 451
889 729
717 855
1304 965
1304 977
1199 1128
1365 1530
1199 1603
1304 1785
2193 2316
2309 2423
2502 2529
2881 3133
3269 3227
3830 3574
3631 3584
3443 3645
3830 3744
3443 3752
3830 3880
3794 3914
3821 3931
3794 3947
414 34
414 400
414 422
414 436
434 490
414 581
414 584
414 585
414 586
414 589
414 602
414 607
414 608
414 613
414 624
414 638
414 639
414 663
414 665
414 668
414 674
414 682
2423 1966
2529 2400
2423 2433
3947 3463
3752 3554
3744 3717
3947 3758
3947 3786
3931 3906
