2094 2167
490 434
3286 2757
1451 1495
3479 3830
1958 1919
2284 2202
3989 4013
982 1821
712 822
3564 3719
3592 3589
1341 922
3721 3525
376 388
2520 2469
2245 1956
3502 3437
3853 3437
693 844
2928 3400
2590 2532
1836 1769
2672 2781
156 5
3033 3390
2209 2270
409 525
3949 3624
2515 2401
2353 2212
2285 2338
2000 2050
3820 3437
3974 3437
723 824
2116 2447
1770 1624
3437 3952
944 1738
1825 1174
2447 2050
2896 2928
2396 2415
3437 3908
3437 3771
1959 2153
2637 2209
2515 2320
783 770
2126 2535
3759 3918
882 804
3958 3437
3793 3617
3272 3254
1687 900
1835 1861
3752 3554
3303 2906
1123 1501
2878 3214
649 173
1990 2286
2520 2309
3856 3437
1944 2610
3634 3474
2316 2193
1341 1879
2318 1970
3630 3474
409 517
414 589
2193 1936
2162 2371
3441 3437
496 565
740 841
2293 2282
1385 1770
882 889
3727 3536
3924 3593
3830 3880
1131 944
2135 2496
2649 2502
828 880
1200 1202
2465 2643
2282 2396
2587 2412
376 604
414 673
483 671
3610 3772
3389 2841
625 611
1117 1864
2173 2403
3172 3076
3255 2847
1966 2423
3743 3871
697 705
2906 2757
27 54
2610 1944
1304 1785
3744 3830
1036 1872
653 611
2121 2329
1040 1864
511 465
3772 3610
1882 1332
1697 1718
1782 1199
2371 2322
414 663
556 394
3192 2662
3794 3914
3278 1534
2898 3424
3709 3437
3493 3792
3437 3863
451 432
1516 1198
3437 3748
697 820
3792 3882
456 409
1523 1554
2502 2529
3511 3515
3255 2841
3451 3437
2320 2515
465 511
1785 1304
3400 3269
3562 3479
3437 3765
3719 3764
3947 3463
1268 517
2203 2544
1656 2826
1174 1687
3761 3474
2335 2322
842 853
3076 3172
2616 2629
1070 1037
3779 3437
857 862
3915 3469
1131 1709
924 1141
3018 3307
2944 3303
1604 1388
3793 3825
1202 1064
3499 3535
2286 2371
1523 1863
2322 2335
3695 3523
163 173
3428 2663
1656 3278
414 639
3098 3364
724 736
3711 3643
3649 3898
432 451
3928 3437
828 770
2404 2575
3700 3502
3965 3437
1740 1512
511 517
180 48
3437 3676
3437 3589
1534 3245
3437 3653
3609 3692
1311 1770
2346 2435
3726 3437
1603 1199
1577 2224
2243 1959
2329 2506
2403 2173
3704 3891
673 414
3895 3437
1614 1768
1782 1718
804 782
3493 3593
1815 1709
815 697
3506 3507
1879 1078
824 723
2042 2223
3889 3437
2841 2751
1656 1150
434 490
3424 2898
2286 1990
2412 1937
1506 936
376 394
2465 2292
414 34
2435 2346
1393 1388
316 5
525 409
3437 3661
795 751
812 694
2556 2188
854 727
2322 2371
2268 2384
831 740
2266 2556
687 730
2338 2343
336 88
2266 2288
3957 3437
717 798
3531 3863
3477 3437
3903 3631
3915 3764
1471 1614
694 754
3326 3151
1882 1740
932 1775
3562 3919
3614 3459
2193 2316
2459 1973
1202 1071
668 414
3437 3650
1511 1494
1831 1743
2224 2451
3437 3856
3437 3834
1978 1990
2566 2473
2590 2220
2663 3428
2050 2447
488 394
3931 3821
2279 1955
3586 3800
3437 3686
2094 2245
1604 1509
1872 1036
798 694
1872 1569
3971 3484
1304 965
3151 3326
3459 3614
710 694
394 376
3484 3971
3752 3443
784 813
1770 1385
3704 3437
3748 3437
3446 3549
740 831
349 508
3221 3249
438 511
1554 1523
828 723
3689 3721
2043 2404
2431 2528
3439 3616
2050 2000
604 434
3919 3695
2173 2335
3623 3506
3426 3303
3935 3437
3076 3272
537 465
862 3586
3349 2784
1534 1687
3798 3437
3517 3948
394 517
798 852
1168 1089
2076 2444
2906 2985
3830 3744
1268 1202
853 727
1445 1687
723 828
2847 3255
3457 3437
2690 3018
3782 3763
3479 3562
1305 1149
585 414
2305 2285
3931 3906
3919 3613
2683 2867
3549 3446
697 687
770 828
3650 3437
2167 2094
844 705
2312 2127
581 414
3437 3502
3437 3472
3560 3437
2326 2121
684 603
1037 1070
1641 1817
2223 2102
694 784
3922 3437
3019 2860
713 748
3437 3896
2798 3303
3221 2819
900 1687
1990 1978
2547 2224
1093 1569
3549 3490
3510 3738
1341 1516
1150 1656
2243 1939
2860 3019
3294 2961
3765 3437
3948 3517
3969 3711
1919 2011
2663 3426
456 440
3443 3645
3443 3752
3947 3758
3299 3197
1769 1836
2562 1936
1328 1687
3844 3437
2575 1983
3686 3437
694 812
2582 2047
3786 3947
3959 3437
34 414
556 365
3624 3949
632 628
434 604
3569 3714
3863 3531
1569 1093
608 414
2454 2545
414 422
3989 594
3535 3499
1509 1305
2867 2974
3947 3794
2867 2683
3729 3437
3948 3586
2126 1933
2094 2281
2292 2465
684 677
708 713
3758 3947
1127 1709
565 496
3272 3076
729 889
3695 3919
2127 2312
3474 3761
604 376
1770 1311
3694 3816
3589 3437
2047 2107
3901 3437
1199 1782
3896 3810
3721 3609
1821 1538
3830 3574
713 816
3437 3482
2881 3133
365 556
3437 3928
2138 2292
784 694
2047 2175
936 1506
3875 3887
1981 2304
3816 3648
2220 2590
3794 3969
3744 3717
807 828
3510 3821
3303 2944
751 795
414 581
2298 2325
2451 2224
2841 3389
1973 2284
1936 2193
1983 2575
3721 3501
2385 2208
2961 3303
862 857
3269 3400
3898 3613
2616 2610
2521 2121
782 804
820 697
3437 3820
697 727
2463 2649
1773 483
3400 3123
1654 483
3437 3889
3437 3671
2427 2266
2325 2176
414 624
2268 1955
1674 1008
2309 2520
3484 3968
2387 2243
173 649
2535 2126
3799 3439
3523 3695
694 798
3763 3782
394 488
3661 3437
727 853
3761 3602
3214 2784
1865 1150
607 414
196 180
3565 3477
1978 1936
3272 3328
2047 2582
3192 2819
3502 3700
1614 1471
3346 3019
3589 3592
3924 3648
2985 2928
3859 3738
3227 3269
1332 1625
1701 1534
3832 3640
2826 1656
770 740
2928 2896
671 483
1955 2279
446 548
2304 1981
3887 3875
3771 3437
3918 3759
2436 2343
3437 3887
3221 2801
2423 2309
754 694
2208 2384
2209 2637
2528 2263
2153 1959
1687 1174
663 414
674 414
3437 3726
3689 3621
2545 2454
3574 3830
3437 3970
1935 2284
2038 2318
2270 2209
1455 1654
3495 3944
517 394
2107 2126
3620 3969
3580 3679
639 414
1170 1139
3245 1534
3460 3782
2206 2123
1703 1141
3437 3451
3648 3816
1624 1089
1718 1782
508 520
1709 1131
1777 376
1738 944
2188 2556
3624 3437
2288 2266
3437 3732
3764 3915
1724 1867
1970 2318
3458 3437
2008 2412
2284 1935
3682 3549
625 684
727 770
665 414
414 602
414 674
3328 3272
3970 3437
782 786
3742 3437
2544 2203
3437 3879
2529 2502
548 446
3469 3459
1534 1701
3453 3437
3723 3437
1758 1534
3645 3443
3525 3968
1709 1127
3863 3437
1936 2562
3107 3186
414 436
2335 2173
3754 3506
3437 3895
180 196
3586 3948
2556 2478
1836 1618
3616 3439
786 782
586 414
3437 3798
1924 1988
1817 1641
3829 3956
3918 3848
3909 3976
836 793
3133 2881
3602 3770
855 717
1139 1170
1543 1531
1821 982
1141 924
2906 3303
2176 1577
2928 2985
783 793
1756 1709
3613 3898
3956 3829
156 235
2836 3190
2404 2237
456 496
682 414
2473 2566
2318 2038
2245 2094
1447 1151
1534 1758
3249 3221
736 713
3424 2836
414 668
2117 2153
2985 2906
3437 3939
740 770
3490 3549
520 508
1491 1365
3570 3437
3437 3853
2423 2433
1973 2459
2547 2267
3076 2781
2153 2117
2298 2242
3426 3090
88 336
2102 2223
594 4011
3914 3794
3437 3846
2281 2094
2528 2431
2049 2047
697 815
3098 2906
3534 3499
1141 1703
2360 1975
3437 3695
3952 3437
1174 1825
2400 2529
3948 3797
2401 1924
414 665
1470 1483
376 1777
2284 1973
3437 3742
2496 2135
852 798
1718 2223
3437 3441
3945 3726
3555 3829
48 180
1973 1919
3536 3727
1332 483
1811 1447
3214 2898
3692 3609
2235 2176
2038 2198
3537 3437
3617 3483
2343 2282
2202 2284
2282 2343
3415 3109
400 414
3848 3918
3303 2961
2329 2121
2908 3426
2011 1919
1618 1836
5 204
1008 1674
1070 1306
3651 3501
2343 2436
3264 3255
1516 1341
1835 1195
1577 2176
1654 1455
1458 1817
3501 3721
756 727
727 854
1939 2243
3437 3469
2175 2047
3437 3457
465 537
3525 3721
700 795
3825 3793
3186 3107
2610 2182
2325 2298
2292 2138
3657 3437
235 156
1388 1604
3896 3437
1199 1128
3437 3862
587 376
2781 3076
1775 932
2751 2841
3506 3623
816 713
204 5
1625 1332
889 729
4013 3989
684 625
1981 2075
3477 3565
1128 1199
2384 2208
3711 3924
3437 3458
432 376
1768 1614
2589 2279
2795 3048
3829 3474
2502 2649
352 525
2520 1983
3792 3493
3437 3560
414 585
2781 3326
1447 1811
1782 927
1879 1341
483 1654
1509 1604
3721 3689
3830 3479
1304 977
1149 1305
3555 3767
712 736
853 842
2801 3221
3437 3979
1174 928
3602 3761
1937 2412
3862 3437
3594 3523
3443 3464
2841 3424
2819 2783
620 672
2075 1981
3714 3569
3024 2881
1955 2268
204 242
3613 3919
1005 1089
3437 3723
754 815
3653 3437
3871 3743
1365 1491
613 414
932 1447
2404 2043
3437 3885
3024 3328
624 414
2396 2282
2757 2906
594 3989
705 761
2220 2551
1687 1803
2858 2898
2819 3192
3668 3469
3584 3631
3523 3594
2757 3286
3903 3648
3719 3564
2447 2116
3738 3668
1959 2243
3474 3634
1300 936
594 667
3437 3823
2127 2138
927 1782
1341 1491
3772 3437
1501 1123
3810 3896
2783 2819
1743 1831
3821 3510
1740 1882
3739 3743
3437 3901
3797 3948
694 710
94 180
2138 2127
414 607
2649 2463
713 708
388 376
3299 2973
2353 2188
3631 3903
1919 1958
1365 1530
4011 594
3459 3469
2898 2858
48 54
1864 1117
3437 3624
394 556
793 836
3337 3107
3515 3511
844 778
414 586
813 784
3679 3580
1709 1815
1471 1863
828 726
1863 1718
440 456
94 320
677 684
483 1773
2662 3192
782 736
701 724
888 804
3738 3510
2898 3214
2066 2047
1447 932
2182 2610
3643 3711
3326 2781
3495 3948
376 587
3898 3649
3726 3945
1687 1328
3303 3426
1332 1882
2188 2353
3109 3415
584 414
804 888
3846 3437
2412 2587
57 242
3426 2663
517 1694
1089 1168
1919 1973
2506 2329
3469 3915
2433 2423
842 795
2151 2436
922 1341
1694 517
2819 3221
1988 1924
3631 3584
2121 2521
3594 3581
717 855
3621 3689
1933 2126
3593 3493
3879 3437
525 352
3390 3033
815 754
1933 2360
1867 1724
508 440
1326 1202
2575 2404
2629 2616
1936 1978
2126 2107
727 697
1305 1835
1151 1447
3437 3477
3437 3965
3906 3931
841 740
3437 3704
3328 3024
3695 3437
3979 3437
3754 3483
3474 3630
54 27
2532 2590
589 414
3968 3884
414 400
3190 2820
722 713
1491 1341
2266 2427
770 783
672 620
3919 3562
1202 1268
889 882
3648 3903
2610 2616
2047 2049
2267 2547
3437 3453
628 632
2263 2528
2237 2404
1202 1326
3433 2683
3437 3746
1975 2314
2973 3299
2360 1933
1924 2401
1864 1040
804 882
3303 2798
3948 3495
3816 3694
2521 2206
2610 2038
1195 1835
3018 2690
2556 2266
2800 3098
2176 2325
705 844
3437 3779
2208 2385
3400 2928
3507 3506
1531 1543
2224 2547
730 687
2795 3148
5 156
1879 1768
3609 3721
483 1332
1306 1070
3908 3437
3437 3957
242 204
3499 3829
928 1174
2401 2515
1198 1516
320 94
2649 2589
517 511
611 653
3648 3924
3782 3460
414 584
3968 3525
2371 2286
414 638
2242 2298
736 782
3469 3668
726 828
54 48
2599 2153
880 828
422 414
2529 2400
3823 3437
508 349
3019 3346
3499 3534
3976 3909
3944 3495
3437 3974
1214 1722
496 456
687 697
3045 2726
3464 3764
1687 1534
2551 2220
3679 3437
414 682
3969 3794
1835 1305
3469 3437
2384 2268
602 414
3829 3555
3472 3437
638 414
3617 3793
3732 3437
2781 2672
1817 1458
3269 3227
1569 1872
2243 2387
548 525
2284 2346
936 1300
3882 3792
736 724
5 316
1127 1304
3437 3844
2820 3190
3255 3264
2784 3214
767 822
3671 3437
2784 3349
3107 3337
2877 2985
3506 3754
1709 1756
414 613
1078 1879
2346 2284
3764 3464
798 717
2123 2206
1863 1523
3586 862
2121 2326
1530 1365
3439 3799
3738 3859
705 697
2309 2423
2726 3045
48 88
3717 3744
2683 3433
409 456
2478 2556
1199 1603
3593 3924
3483 3617
786 733
736 712
761 705
1863 1471
795 700
649 1694
748 713
3426 2908
2881 3024
2436 2151
1803 1687
3581 3594
1538 1821
2906 3098
3482 3437
2223 2042
2212 2353
3437 3958
3214 2878
3474 3829
556 673
2107 2047
2338 2285
3148 2795
3885 3437
376 432
977 1304
525 548
3437 3709
2047 2066
822 712
844 693
2985 2877
2153 2599
2444 2076
3437 3959
611 625
727 756
2836 3424
965 1304
3278 1656
1534 3278
2304 2235
3829 3499
2643 2465
724 701
517 1268
3640 3832
3437 3772
3884 3968
3767 3555
733 786
2343 2338
1512 1740
1975 2360
2285 2305
3464 3443
1768 1879
3549 3682
2224 1577
1956 2245
3764 3719
1388 1393
2589 2649
603 684
1089 1624
1861 1835
511 438
3668 3738
3834 3437
3676 3437
3746 3437
1624 1770
3048 2795
242 57
795 842
2206 2521
1305 1509
713 722
3743 3739
1483 1470
3197 3299
3662 3441
2841 3255
1494 1511
436 414
3947 3786
3437 3935
3437 3570
88 48
414 608
173 163
2415 2396
3441 3662
3437 3657
3437 3679
3887 3437
1694 649
3711 3969
1718 1697
3090 3426
3364 3098
3437 3909
944 1131
517 409
2198 2038
1722 1214
3501 3651
1304 1127
2412 2008
3880 3830
822 767
1495 1451
3483 3754
1071 1202
2038 2610
2974 2867
1089 1005
3969 3620
3254 3272
3968 3484
2148 2047
2047 2148
3307 3018
667 594
3800 3586
3794 3947
2371 2162
3463 3947
2279 2589
3098 2800
3554 3752
793 783
1983 2520
3437 3922
3939 3437
828 807
2961 3294
3909 3437
713 736
2176 2235
1150 1865
2223 1718
770 727
3770 3602
180 94
2314 1975
3424 2841
2423 1966
1718 1863
3891 3704
3924 3711
440 508
3437 3537
2469 2520
3123 3400
3190 2836
2235 2304
1687 1445
1064 1202
2282 2293
3821 3931
1202 1200
673 556
3437 3729
778 844
