235 156
94 180
94 320
525 352
525 409
1332 483
525 548
3989 594
625 611
632 628
620 672
625 684
697 687
697 705
713 708
713 722
697 727
713 736
713 748
697 815
713 816
697 820
1738 944
1070 1037
1864 1040
1864 1117
1170 1139
1703 1141
1722 1214
936 1300
1509 1305
1070 1306
932 1447
1495 1451
1614 1471
1470 1483
1123 1501
936 1506
1494 1511
1543 1531
1701 1534
1509 1604
1332 1625
1008 1674
1867 1724
1831 1743
1614 1768
1385 1770
932 1775
1458 1817
1538 1821
1618 1836
1036 1872
1332 1882
2412 1937
2268 1955
1919 1958
1919 1973
2412 2008
1919 2011
2447 2050
2444 2076
2167 2094
2447 2116
2521 2121
1933 2126
2496 2135
2292 2138
2436 2151
1959 2153
2371 2162
2235 2176
2556 2188
2544 2203
2521 2206
2637 2209
2590 2220
1959 2243
2556 2266
2371 2286
2235 2304
2371 2322
2436 2343
1933 2360
2268 2384
2237 2404
2292 2465
2566 2473
2556 2478
2320 2515
2263 2528
2590 2532
2454 2545
2412 2587
2629 2616
2781 2672
2867 2683
3045 2726
3214 2784
3303 2798
3019 2860
3214 2878
3214 2898
3303 2906
3303 2944
3303 2961
2867 2974
2690 3018
2795 3048
2781 3076
3186 3107
3415 3109
2795 3148
2662 3192
2973 3299
2781 3326
3019 3346
3033 3390
3303 3426
3437 3441
3437 3451
3437 3453
3437 3457
3437 3458
3782 3460
3437 3469
3437 3472
3437 3477
3437 3482
3437 3502
3511 3515
3727 3536
3437 3537
3490 3549
3437 3560
3714 3569
3437 3570
3437 3589
3493 3593
3439 3616
3483 3617
3437 3624
3437 3650
3437 3653
3437 3657
3437 3661
3437 3671
3437 3676
3437 3679
3437 3686
3437 3695
3437 3704
3437 3709
3437 3723
3437 3726
3437 3729
3437 3732
3743 3739
3437 3742
3437 3746
3437 3748
3483 3754
3602 3761
3782 3763
3437 3765
3602 3770
3437 3771
3437 3772
3437 3779
3493 3792
3437 3798
3439 3799
3437 3820
3437 3823
3640 3832
3437 3834
3437 3844
3437 3846
3437 3853
3437 3856
3437 3862
3437 3863
3743 3871
3437 3879
3437 3885
3437 3887
3437 3889
3437 3895
3437 3896
3437 3901
3437 3908
3437 3909
3848 3918
3437 3922
3437 3928
3437 3935
3437 3939
3495 3944
3495 3948
3437 3952
3437 3957
3437 3958
3437 3959
3437 3965
3884 3968
3437 3970
3437 3974
3437 3979
3989 4013
